0016
0040
0050
0077
0096
0099
0105
0110
0118
0120
0122
0139
0140
0141
0142
0147
0148
0149
0153
0158
0164
0171
0193
0203
0206
0207
0219
0225
0227
0236
0237
0243
0246
0254
0258
0271
0281
0283
0298
0320
0328
0329
0341
0344
0360
0361
0365
0368
0382
0385
0393
0394
0395
0403
0413
0417
0425
0427
0428
0429
0433
0442
0445
0457
0459
0462
0468
0475
0476
0483
0485
0503
0504
0505
0507
0508
0513
0517
0519
0523
0526
0545
0553
0557
0559
0561
0564
0565
0566
0581
0582
0588
0591
0605
0612
0613
0614
0615
0616
0619
0627
0632
0633
0635
0637
0640
0650
0656
0660
0664
0674
0687
0692
0701
0703
0713
0715
0722
0730
0732
0750
0755
0757
0762
0773
0781
0786
0790
0791
0797
0799
0813
0817
0827
0843
0855
0865
0873
0874
0879
0880
0881
0888
0890
0899
0902
0904
0905
0906
0910
0915
0927
0928
0935
0936
0938
0940
0950
0977
0978
0986
0993
1003
1005
1014
1024
1036
1040
1041
1042
1044
1046
1051
1052
1054
1060
1061
1068
1077
1088
1107
1117
1133
