0033
0050
0059
0077
0089
0096
0106
0110
0118
0131
0140
0142
0149
0153
0158
0164
0171
0181
0189
0193
0203
0207
0219
0225
0228
0236
0237
0243
0254
0258
0275
0281
0283
0296
0320
0328
0329
0333
0341
0344
0360
0361
0365
0368
0385
0386
0393
0394
0395
0403
0407
0413
0416
0428
0429
0433
0444
0445
0457
0459
0462
0468
0475
0476
0478
0483
0503
0505
0513
0517
0526
0530
0553
0557
0559
0561
0564
0565
0566
0567
0581
0582
0588
0590
0591
0592
0605
0612
0614
0615
0616
0619
0627
0629
0633
0635
0639
0640
0650
0656
0664
0669
0671
0674
0692
0694
0696
0701
0713
0715
0722
0727
0730
0732
0739
0743
0750
0755
0757
0762
0768
0773
0776
0781
0785
0786
0791
0797
0799
0813
0817
0831
0832
0843
0845
0851
0855
0858
0859
0865
0873
0874
0880
0881
0887
0890
0899
0902
0906
0915
0927
0928
0935
0936
0938
0940
0950
0977
0978
0986
0993
0995
1003
1005
1014
1024
1029
1030
1040
1044
1046
1048
1051
1052
1054
1061
1069
1071
1077
1107
1113
1117
1132
1133
