0001
0007
0017
0020
0021
0024
0028
0029
0036
0038
0041
0042
0044
0045
0049
0052
0053
0056
0057
0058
0061
0062
0070
0073
0086
0091
0093
0097
0101
0108
0116
0125
0129
0130
0134
0145
0146
0150
0156
0157
0159
0160
0163
0167
0169
0173
0178
0179
0180
0182
0185
0199
0204
0205
0209
0210
0211
0212
0213
0214
0217
0220
0222
0224
0229
0234
0245
0247
0249
0256
0261
0270
0273
0277
0279
0284
0290
0294
0297
0299
0308
0310
0323
0346
0351
0359
0362
0367
0371
0379
0380
0387
0398
0399
0405
0406
0408
0414
0415
0420
0440
0446
0450
0451
0452
0453
0455
0467
0471
0479
0490
0491
0492
0493
0498
0512
0518
0522
0537
0538
0540
0546
0558
0569
0571
0574
0577
0585
0595
0596
0603
0606
0611
0624
0625
0626
0636
0646
0653
0661
0662
0663
0665
0667
0681
0686
0689
0700
0702
0705
0708
0712
0716
0718
0719
0723
0724
0725
0729
0731
0734
0735
0737
0738
0740
0744
0749
0763
0764
0767
0770
0772
0780
0784
0788
0792
0795
0801
0805
0812
0820
0821
0824
0825
0826
0833
0835
0837
0838
0839
0841
0842
0846
0849
0861
0877
0883
0885
0889
0891
0894
0895
0898
0900
0907
0911
0914
0917
0918
0919
0921
0922
0924
0934
0942
0943
0945
0951
0952
0953
0961
0964
0971
0979
0982
0984
0989
0994
1004
1006
1020
1022
1023
1027
1028
1031
1033
1038
1050
1056
1058
1059
1062
1066
1067
1074
1078
1080
1085
1090
1091
1097
1099
1105
1111
1120
1127
1129
