0016
0033
0040
0050
0059
0077
0089
0099
0105
0106
0118
0120
0122
0131
0139
0140
0141
0147
0148
0149
0153
0158
0171
0181
0189
0193
0203
0206
0207
0219
0225
0227
0228
0236
0237
0246
0254
0258
0271
0275
0281
0283
0296
0298
0320
0328
0329
0333
0360
0365
0368
0382
0385
0386
0393
0395
0407
0416
0417
0425
0427
0428
0429
0433
0442
0444
0457
0459
0468
0478
0483
0485
0503
0504
0505
0507
0508
0513
0517
0519
0523
0526
0530
0545
0553
0557
0559
0564
0567
0581
0582
0588
0590
0592
0612
0613
0614
0629
0632
0637
0639
0640
0650
0660
0664
0669
0671
0674
0687
0692
0694
0696
0701
0703
0713
0715
0722
0727
0730
0732
0739
0743
0750
0757
0762
0768
0773
0776
0781
0785
0790
0797
0817
0827
0831
0832
0843
0845
0851
0855
0858
0859
0873
0879
0880
0887
0888
0890
0899
0902
0904
0905
0906
0910
0935
0936
0940
0950
0977
0978
0986
0993
0995
1005
1014
1029
1030
1036
1040
1041
1042
1046
1048
1051
1054
1060
1068
1069
1071
1077
1088
1107
1113
1132
1133
