Run log for fold 0
Device: cuda
AMP enabled: True
Staged tuning: True
Validation interval epochs: 1
Final validation: False
Best checkpoint metric: val_dice (max)
Output dir: /data/data/DA25S005/miccai_tbi/MultiTalentV2_finetuning/checkpoints/tbi_multitalentv2/fold_0
Dataset summary: total=522, lesion_positive=302, lesion_empty=220, dmri=216
Train split summary: total=469, lesion_positive=271, lesion_empty=198, dmri=195
Val split summary: total=53, lesion_positive=31, lesion_empty=22, dmri=21
Case sampling: enabled=False, target_positive_fraction=nan, target_empty_fraction=nan, positive_weight=nan, empty_weight=nan, num_samples=469, replacement=True
phase	epoch	stage	train_loss	train_dice	val_loss	val_dice	monitor_metric	monitor_value	lr_head	lr_partial	lr_full
train	1	full	1.150103	0.333244	1.072942	0.383880	val_dice	0.383880	0.00000000	0.00000000	0.00005000
saved	1	full	1.150103	0.333244	1.072942	0.383880
train	2	full	1.041430	0.311961	1.022309	0.415094	val_dice	0.415094	0.00000000	0.00000000	0.00010000
saved	2	full	1.041430	0.311961	1.022309	0.415094
train	3	full	1.003277	0.132106	0.984261	0.084362	val_dice	0.084362	0.00000000	0.00000000	0.00010000
train	4	full	0.967835	0.139493	0.958102	0.107041	val_dice	0.107041	0.00000000	0.00000000	0.00009970
train	5	full	0.943672	0.162727	0.928748	0.117920	val_dice	0.117920	0.00000000	0.00000000	0.00009940
train	6	full	0.918472	0.155635	0.919467	0.109119	val_dice	0.109119	0.00000000	0.00000000	0.00009909
train	7	full	0.893535	0.155601	0.868894	0.171530	val_dice	0.171530	0.00000000	0.00000000	0.00009879
train	8	full	0.878732	0.172939	0.850814	0.199218	val_dice	0.199218	0.00000000	0.00000000	0.00009849
train	9	full	0.862838	0.175867	0.828547	0.296427	val_dice	0.296427	0.00000000	0.00000000	0.00009819
train	10	full	0.853062	0.171332	0.842071	0.195266	val_dice	0.195266	0.00000000	0.00000000	0.00009788
train	11	full	0.831716	0.206019	0.800446	0.238641	val_dice	0.238641	0.00000000	0.00000000	0.00009758
train	12	full	0.821067	0.226737	0.791171	0.230048	val_dice	0.230048	0.00000000	0.00000000	0.00009728
train	13	full	0.808468	0.243484	0.799856	0.224787	val_dice	0.224787	0.00000000	0.00000000	0.00009697
train	14	full	0.806047	0.254511	0.790985	0.283726	val_dice	0.283726	0.00000000	0.00000000	0.00009667
train	15	full	0.807503	0.227978	0.781626	0.238973	val_dice	0.238973	0.00000000	0.00000000	0.00009637
train	16	full	0.783474	0.260629	0.762582	0.306971	val_dice	0.306971	0.00000000	0.00000000	0.00009607
train	17	full	0.784330	0.284209	0.766427	0.248846	val_dice	0.248846	0.00000000	0.00000000	0.00009576
train	18	full	0.778944	0.286879	0.798762	0.345309	val_dice	0.345309	0.00000000	0.00000000	0.00009546
train	19	full	0.794201	0.263755	0.764439	0.251646	val_dice	0.251646	0.00000000	0.00000000	0.00009515
train	20	full	0.786138	0.252648	0.790562	0.373933	val_dice	0.373933	0.00000000	0.00000000	0.00009485
train	21	full	0.764479	0.298438	0.747026	0.338030	val_dice	0.338030	0.00000000	0.00000000	0.00009455
train	22	full	0.761672	0.326147	0.743201	0.284745	val_dice	0.284745	0.00000000	0.00000000	0.00009424
train	23	full	0.768645	0.282325	0.767831	0.243813	val_dice	0.243813	0.00000000	0.00000000	0.00009394
train	24	full	0.772085	0.277517	0.743031	0.267348	val_dice	0.267348	0.00000000	0.00000000	0.00009363
train	25	full	0.765180	0.285402	0.738303	0.289123	val_dice	0.289123	0.00000000	0.00000000	0.00009333
train	26	full	0.753970	0.337655	0.731571	0.314986	val_dice	0.314986	0.00000000	0.00000000	0.00009303
train	27	full	0.767038	0.302442	0.735093	0.424262	val_dice	0.424262	0.00000000	0.00000000	0.00009272
saved	27	full	0.767038	0.302442	0.735093	0.424262
train	28	full	0.755348	0.333075	0.717586	0.311545	val_dice	0.311545	0.00000000	0.00000000	0.00009242
train	29	full	0.754958	0.329256	0.722718	0.285255	val_dice	0.285255	0.00000000	0.00000000	0.00009211
train	30	full	0.744787	0.325331	0.718333	0.328417	val_dice	0.328417	0.00000000	0.00000000	0.00009181
train	31	full	0.758857	0.336808	0.731397	0.314944	val_dice	0.314944	0.00000000	0.00000000	0.00009150
train	32	full	0.762960	0.310598	0.738096	0.424684	val_dice	0.424684	0.00000000	0.00000000	0.00009120
saved	32	full	0.762960	0.310598	0.738096	0.424684
train	33	full	0.744111	0.383428	0.718028	0.311271	val_dice	0.311271	0.00000000	0.00000000	0.00009089
train	34	full	0.740166	0.400912	0.724971	0.492749	val_dice	0.492749	0.00000000	0.00000000	0.00009059
saved	34	full	0.740166	0.400912	0.724971	0.492749
train	35	full	0.743982	0.341770	0.703878	0.343627	val_dice	0.343627	0.00000000	0.00000000	0.00009028
train	36	full	0.741259	0.331859	0.695542	0.426089	val_dice	0.426089	0.00000000	0.00000000	0.00008998
train	37	full	0.737090	0.374346	0.722910	0.321382	val_dice	0.321382	0.00000000	0.00000000	0.00008967
train	38	full	0.738704	0.363028	0.776969	0.383675	val_dice	0.383675	0.00000000	0.00000000	0.00008936
train	39	full	0.752006	0.338460	0.719275	0.420397	val_dice	0.420397	0.00000000	0.00000000	0.00008906
train	40	full	0.725601	0.366191	0.706709	0.431753	val_dice	0.431753	0.00000000	0.00000000	0.00008875
train	41	full	0.745012	0.364296	0.724182	0.286796	val_dice	0.286796	0.00000000	0.00000000	0.00008845
train	42	full	0.744695	0.366314	0.712525	0.428042	val_dice	0.428042	0.00000000	0.00000000	0.00008814
train	43	full	0.727485	0.350501	0.718036	0.365294	val_dice	0.365294	0.00000000	0.00000000	0.00008783
train	44	full	0.731030	0.349182	0.742413	0.264393	val_dice	0.264393	0.00000000	0.00000000	0.00008753
train	45	full	0.728795	0.377646	0.729397	0.504165	val_dice	0.504165	0.00000000	0.00000000	0.00008722
saved	45	full	0.728795	0.377646	0.729397	0.504165
train	46	full	0.740499	0.363941	0.709230	0.316816	val_dice	0.316816	0.00000000	0.00000000	0.00008691
train	47	full	0.731521	0.368940	0.715630	0.366818	val_dice	0.366818	0.00000000	0.00000000	0.00008661
train	48	full	0.728069	0.378920	0.712395	0.390960	val_dice	0.390960	0.00000000	0.00000000	0.00008630
train	49	full	0.707844	0.394860	0.699960	0.420094	val_dice	0.420094	0.00000000	0.00000000	0.00008599
train	50	full	0.727975	0.395818	0.688545	0.432940	val_dice	0.432940	0.00000000	0.00000000	0.00008569
train	51	full	0.722080	0.442081	0.718401	0.477284	val_dice	0.477284	0.00000000	0.00000000	0.00008538
train	52	full	0.712757	0.425951	0.701066	0.363302	val_dice	0.363302	0.00000000	0.00000000	0.00008507
train	53	full	0.714208	0.399397	0.720101	0.287497	val_dice	0.287497	0.00000000	0.00000000	0.00008476
train	54	full	0.705453	0.397382	0.701028	0.346301	val_dice	0.346301	0.00000000	0.00000000	0.00008446
train	55	full	0.704472	0.404353	0.688094	0.358042	val_dice	0.358042	0.00000000	0.00000000	0.00008415
train	56	full	0.708784	0.388822	0.711136	0.522538	val_dice	0.522538	0.00000000	0.00000000	0.00008384
saved	56	full	0.708784	0.388822	0.711136	0.522538
train	57	full	0.709977	0.435087	0.706794	0.433817	val_dice	0.433817	0.00000000	0.00000000	0.00008353
train	58	full	0.718669	0.423239	0.697454	0.441213	val_dice	0.441213	0.00000000	0.00000000	0.00008322
train	59	full	0.713940	0.456837	0.688541	0.414877	val_dice	0.414877	0.00000000	0.00000000	0.00008292
train	60	full	0.703866	0.444376	0.686342	0.414967	val_dice	0.414967	0.00000000	0.00000000	0.00008261
train	61	full	0.715411	0.429178	0.728729	0.430604	val_dice	0.430604	0.00000000	0.00000000	0.00008230
train	62	full	0.714708	0.438402	0.698082	0.442209	val_dice	0.442209	0.00000000	0.00000000	0.00008199
train	63	full	0.710512	0.370351	0.689398	0.411372	val_dice	0.411372	0.00000000	0.00000000	0.00008168
train	64	full	0.706085	0.446262	0.684321	0.453272	val_dice	0.453272	0.00000000	0.00000000	0.00008137
train	65	full	0.704960	0.460841	0.690414	0.448160	val_dice	0.448160	0.00000000	0.00000000	0.00008106
train	66	full	0.705716	0.451193	0.685597	0.417717	val_dice	0.417717	0.00000000	0.00000000	0.00008075
train	67	full	0.705769	0.410670	0.705294	0.337380	val_dice	0.337380	0.00000000	0.00000000	0.00008045
train	68	full	0.716648	0.357671	0.695975	0.330648	val_dice	0.330648	0.00000000	0.00000000	0.00008014
train	69	full	0.701261	0.483130	0.684273	0.322762	val_dice	0.322762	0.00000000	0.00000000	0.00007983
train	70	full	0.696664	0.394304	0.691365	0.352487	val_dice	0.352487	0.00000000	0.00000000	0.00007952
train	71	full	0.715417	0.430161	0.681988	0.477100	val_dice	0.477100	0.00000000	0.00000000	0.00007921
train	72	full	0.692717	0.478422	0.695661	0.387122	val_dice	0.387122	0.00000000	0.00000000	0.00007890
train	73	full	0.693164	0.448711	0.696530	0.517134	val_dice	0.517134	0.00000000	0.00000000	0.00007859
train	74	full	0.687538	0.459306	0.686056	0.379266	val_dice	0.379266	0.00000000	0.00000000	0.00007828
train	75	full	0.696989	0.464100	0.695022	0.519057	val_dice	0.519057	0.00000000	0.00000000	0.00007797
train	76	full	0.704618	0.444882	0.671692	0.447938	val_dice	0.447938	0.00000000	0.00000000	0.00007766
train	77	full	0.689746	0.475193	0.723010	0.344428	val_dice	0.344428	0.00000000	0.00000000	0.00007734
train	78	full	0.696342	0.408500	0.700162	0.476850	val_dice	0.476850	0.00000000	0.00000000	0.00007703
train	79	full	0.700721	0.442649	0.689268	0.449219	val_dice	0.449219	0.00000000	0.00000000	0.00007672
train	80	full	0.701559	0.439989	0.683911	0.323718	val_dice	0.323718	0.00000000	0.00000000	0.00007641
train	81	full	0.695471	0.420749	0.671531	0.466284	val_dice	0.466284	0.00000000	0.00000000	0.00007610
train	82	full	0.696132	0.390178	0.702364	0.379207	val_dice	0.379207	0.00000000	0.00000000	0.00007579
train	83	full	0.690213	0.440043	0.706495	0.393263	val_dice	0.393263	0.00000000	0.00000000	0.00007548
train	84	full	0.698003	0.466641	0.686363	0.396089	val_dice	0.396089	0.00000000	0.00000000	0.00007517
train	85	full	0.691639	0.453911	0.688674	0.411172	val_dice	0.411172	0.00000000	0.00000000	0.00007485
train	86	full	0.670342	0.474936	0.691694	0.559580	val_dice	0.559580	0.00000000	0.00000000	0.00007454
saved	86	full	0.670342	0.474936	0.691694	0.559580
train	87	full	0.689854	0.485854	0.687991	0.486530	val_dice	0.486530	0.00000000	0.00000000	0.00007423
train	88	full	0.685671	0.455213	0.700694	0.381539	val_dice	0.381539	0.00000000	0.00000000	0.00007392
train	89	full	0.682315	0.480064	0.671975	0.427535	val_dice	0.427535	0.00000000	0.00000000	0.00007361
train	90	full	0.695543	0.487571	0.691004	0.353855	val_dice	0.353855	0.00000000	0.00000000	0.00007329
train	91	full	0.672637	0.557477	0.682260	0.512839	val_dice	0.512839	0.00000000	0.00000000	0.00007298
train	92	full	0.673449	0.516899	0.704514	0.491784	val_dice	0.491784	0.00000000	0.00000000	0.00007267
train	93	full	0.700115	0.496246	0.681074	0.422586	val_dice	0.422586	0.00000000	0.00000000	0.00007235
train	94	full	0.680904	0.496200	0.673423	0.409393	val_dice	0.409393	0.00000000	0.00000000	0.00007204
train	95	full	0.681206	0.434077	0.668342	0.487784	val_dice	0.487784	0.00000000	0.00000000	0.00007173
train	96	full	0.686572	0.522574	0.674425	0.427639	val_dice	0.427639	0.00000000	0.00000000	0.00007141
train	97	full	0.667304	0.495017	0.677409	0.573549	val_dice	0.573549	0.00000000	0.00000000	0.00007110
saved	97	full	0.667304	0.495017	0.677409	0.573549
train	98	full	0.688065	0.493240	0.674747	0.370673	val_dice	0.370673	0.00000000	0.00000000	0.00007079
train	99	full	0.690673	0.458869	0.682440	0.437516	val_dice	0.437516	0.00000000	0.00000000	0.00007047
train	100	full	0.676768	0.485986	0.702300	0.548542	val_dice	0.548542	0.00000000	0.00000000	0.00007016
train	101	full	0.677931	0.492738	0.694454	0.444180	val_dice	0.444180	0.00000000	0.00000000	0.00006984
train	102	full	0.693348	0.500679	0.689185	0.317645	val_dice	0.317645	0.00000000	0.00000000	0.00006953
train	103	full	0.690716	0.494843	0.695132	0.461425	val_dice	0.461425	0.00000000	0.00000000	0.00006922
train	104	full	0.670119	0.541076	0.690199	0.353882	val_dice	0.353882	0.00000000	0.00000000	0.00006890
train	105	full	0.673027	0.517066	0.666483	0.433603	val_dice	0.433603	0.00000000	0.00000000	0.00006859
train	106	full	0.675899	0.518128	0.682118	0.455560	val_dice	0.455560	0.00000000	0.00000000	0.00006827
train	107	full	0.657787	0.524178	0.673313	0.557447	val_dice	0.557447	0.00000000	0.00000000	0.00006796
train	108	full	0.667044	0.546446	0.683819	0.435658	val_dice	0.435658	0.00000000	0.00000000	0.00006764
train	109	full	0.672315	0.549092	0.695821	0.403699	val_dice	0.403699	0.00000000	0.00000000	0.00006733
train	110	full	0.668472	0.523130	0.676348	0.403412	val_dice	0.403412	0.00000000	0.00000000	0.00006701
train	111	full	0.675107	0.490852	0.673134	0.427295	val_dice	0.427295	0.00000000	0.00000000	0.00006669
train	112	full	0.689071	0.479080	0.671127	0.522586	val_dice	0.522586	0.00000000	0.00000000	0.00006638
train	113	full	0.681600	0.573735	0.663825	0.454363	val_dice	0.454363	0.00000000	0.00000000	0.00006606
train	114	full	0.684494	0.521747	0.654805	0.445226	val_dice	0.445226	0.00000000	0.00000000	0.00006575
train	115	full	0.687381	0.504204	0.676534	0.519194	val_dice	0.519194	0.00000000	0.00000000	0.00006543
train	116	full	0.692541	0.505870	0.684013	0.415961	val_dice	0.415961	0.00000000	0.00000000	0.00006511
train	117	full	0.666008	0.502743	0.703197	0.378210	val_dice	0.378210	0.00000000	0.00000000	0.00006479
train	118	full	0.675652	0.541546	0.683589	0.360028	val_dice	0.360028	0.00000000	0.00000000	0.00006448
train	119	full	0.664447	0.569291	0.668059	0.487988	val_dice	0.487988	0.00000000	0.00000000	0.00006416
train	120	full	0.673723	0.514339	0.675389	0.427049	val_dice	0.427049	0.00000000	0.00000000	0.00006384
train	121	full	0.668126	0.521568	0.659133	0.421394	val_dice	0.421394	0.00000000	0.00000000	0.00006353
train	122	full	0.672534	0.578509	0.673916	0.613752	val_dice	0.613752	0.00000000	0.00000000	0.00006321
saved	122	full	0.672534	0.578509	0.673916	0.613752
train	123	full	0.671062	0.528895	0.676894	0.591709	val_dice	0.591709	0.00000000	0.00000000	0.00006289
train	124	full	0.660080	0.582578	0.675240	0.422458	val_dice	0.422458	0.00000000	0.00000000	0.00006257
train	125	full	0.674236	0.511086	0.675556	0.553823	val_dice	0.553823	0.00000000	0.00000000	0.00006225
train	126	full	0.676266	0.500141	0.675582	0.537113	val_dice	0.537113	0.00000000	0.00000000	0.00006194
train	127	full	0.660219	0.529040	0.676452	0.460465	val_dice	0.460465	0.00000000	0.00000000	0.00006162
train	128	full	0.667934	0.589654	0.664541	0.510401	val_dice	0.510401	0.00000000	0.00000000	0.00006130
train	129	full	0.661051	0.515237	0.672542	0.447641	val_dice	0.447641	0.00000000	0.00000000	0.00006098
train	130	full	0.646739	0.563071	0.655486	0.428444	val_dice	0.428444	0.00000000	0.00000000	0.00006066
train	131	full	0.646295	0.595787	0.658215	0.441519	val_dice	0.441519	0.00000000	0.00000000	0.00006034
train	132	full	0.664105	0.536535	0.666509	0.376395	val_dice	0.376395	0.00000000	0.00000000	0.00006002
train	133	full	0.680696	0.531470	0.659178	0.496613	val_dice	0.496613	0.00000000	0.00000000	0.00005970
train	134	full	0.670893	0.556700	0.674924	0.406839	val_dice	0.406839	0.00000000	0.00000000	0.00005938
train	135	full	0.660023	0.575726	0.664436	0.378952	val_dice	0.378952	0.00000000	0.00000000	0.00005906
train	136	full	0.661095	0.552027	0.660944	0.477373	val_dice	0.477373	0.00000000	0.00000000	0.00005874
train	137	full	0.661183	0.541373	0.667881	0.563024	val_dice	0.563024	0.00000000	0.00000000	0.00005842
train	138	full	0.653592	0.529412	0.655820	0.538098	val_dice	0.538098	0.00000000	0.00000000	0.00005810
train	139	full	0.654604	0.579757	0.672890	0.426444	val_dice	0.426444	0.00000000	0.00000000	0.00005778
train	140	full	0.667746	0.527947	0.674121	0.443738	val_dice	0.443738	0.00000000	0.00000000	0.00005746
train	141	full	0.667691	0.484769	0.666763	0.453211	val_dice	0.453211	0.00000000	0.00000000	0.00005714
train	142	full	0.647967	0.543031	0.657249	0.480404	val_dice	0.480404	0.00000000	0.00000000	0.00005681
train	143	full	0.663576	0.535879	0.674414	0.483423	val_dice	0.483423	0.00000000	0.00000000	0.00005649
train	144	full	0.651428	0.584792	0.662835	0.530407	val_dice	0.530407	0.00000000	0.00000000	0.00005617
train	145	full	0.656286	0.562954	0.682224	0.435710	val_dice	0.435710	0.00000000	0.00000000	0.00005585
train	146	full	0.661082	0.549039	0.673218	0.577270	val_dice	0.577270	0.00000000	0.00000000	0.00005553
train	147	full	0.640435	0.601955	0.665503	0.488566	val_dice	0.488566	0.00000000	0.00000000	0.00005520
train	148	full	0.662489	0.524155	0.664698	0.395766	val_dice	0.395766	0.00000000	0.00000000	0.00005488
train	149	full	0.669336	0.553822	0.667025	0.525840	val_dice	0.525840	0.00000000	0.00000000	0.00005456
train	150	full	0.660993	0.557997	0.654769	0.482346	val_dice	0.482346	0.00000000	0.00000000	0.00005424
train	151	full	0.660090	0.597281	0.671501	0.561220	val_dice	0.561220	0.00000000	0.00000000	0.00005391
train	152	full	0.655576	0.569726	0.675356	0.482043	val_dice	0.482043	0.00000000	0.00000000	0.00005359
train	153	full	0.656677	0.564262	0.679785	0.514941	val_dice	0.514941	0.00000000	0.00000000	0.00005326
train	154	full	0.653042	0.533384	0.667535	0.470688	val_dice	0.470688	0.00000000	0.00000000	0.00005294
train	155	full	0.644857	0.588788	0.662440	0.587340	val_dice	0.587340	0.00000000	0.00000000	0.00005262
train	156	full	0.648512	0.597580	0.663516	0.475104	val_dice	0.475104	0.00000000	0.00000000	0.00005229
train	157	full	0.646973	0.622577	0.675875	0.555621	val_dice	0.555621	0.00000000	0.00000000	0.00005197
train	158	full	0.652738	0.604065	0.671984	0.577766	val_dice	0.577766	0.00000000	0.00000000	0.00005164
train	159	full	0.661607	0.537788	0.682912	0.436006	val_dice	0.436006	0.00000000	0.00000000	0.00005132
train	160	full	0.651076	0.584514	0.673330	0.539823	val_dice	0.539823	0.00000000	0.00000000	0.00005099
train	161	full	0.665923	0.564992	0.670350	0.466784	val_dice	0.466784	0.00000000	0.00000000	0.00005067
train	162	full	0.643929	0.588986	0.666158	0.507564	val_dice	0.507564	0.00000000	0.00000000	0.00005034
train	163	full	0.645386	0.589335	0.665326	0.396748	val_dice	0.396748	0.00000000	0.00000000	0.00005001
train	164	full	0.650588	0.608021	0.660794	0.456572	val_dice	0.456572	0.00000000	0.00000000	0.00004969
train	165	full	0.650631	0.608594	0.663792	0.475006	val_dice	0.475006	0.00000000	0.00000000	0.00004936
train	166	full	0.655257	0.567549	0.664146	0.548815	val_dice	0.548815	0.00000000	0.00000000	0.00004903
train	167	full	0.635914	0.591734	0.670799	0.504404	val_dice	0.504404	0.00000000	0.00000000	0.00004871
train	168	full	0.643556	0.543463	0.671786	0.502476	val_dice	0.502476	0.00000000	0.00000000	0.00004838
train	169	full	0.653034	0.616180	0.664411	0.508733	val_dice	0.508733	0.00000000	0.00000000	0.00004805
train	170	full	0.655287	0.573979	0.662668	0.549412	val_dice	0.549412	0.00000000	0.00000000	0.00004773
train	171	full	0.644562	0.631585	0.669450	0.430992	val_dice	0.430992	0.00000000	0.00000000	0.00004740
train	172	full	0.641524	0.599874	0.672637	0.577109	val_dice	0.577109	0.00000000	0.00000000	0.00004707
train	173	full	0.649651	0.524182	0.677817	0.515994	val_dice	0.515994	0.00000000	0.00000000	0.00004674
train	174	full	0.647273	0.588240	0.672638	0.482506	val_dice	0.482506	0.00000000	0.00000000	0.00004641
train	175	full	0.656838	0.542063	0.667302	0.432241	val_dice	0.432241	0.00000000	0.00000000	0.00004608
train	176	full	0.650845	0.579851	0.673865	0.463108	val_dice	0.463108	0.00000000	0.00000000	0.00004575
train	177	full	0.646355	0.608241	0.661667	0.512735	val_dice	0.512735	0.00000000	0.00000000	0.00004542
train	178	full	0.662538	0.577124	0.666968	0.525424	val_dice	0.525424	0.00000000	0.00000000	0.00004509
train	179	full	0.658852	0.614273	0.663018	0.529241	val_dice	0.529241	0.00000000	0.00000000	0.00004476
train	180	full	0.627774	0.592221	0.675572	0.537317	val_dice	0.537317	0.00000000	0.00000000	0.00004443
train	181	full	0.637348	0.623750	0.684494	0.527874	val_dice	0.527874	0.00000000	0.00000000	0.00004410
train	182	full	0.648606	0.535853	0.671716	0.447414	val_dice	0.447414	0.00000000	0.00000000	0.00004377
train	183	full	0.641025	0.540753	0.655669	0.501983	val_dice	0.501983	0.00000000	0.00000000	0.00004344
train	184	full	0.651626	0.596587	0.673450	0.557446	val_dice	0.557446	0.00000000	0.00000000	0.00004311
train	185	full	0.628683	0.628623	0.659797	0.588947	val_dice	0.588947	0.00000000	0.00000000	0.00004278
train	186	full	0.645634	0.589177	0.659494	0.552122	val_dice	0.552122	0.00000000	0.00000000	0.00004245
train	187	full	0.633813	0.620644	0.651715	0.560222	val_dice	0.560222	0.00000000	0.00000000	0.00004211
train	188	full	0.649003	0.630619	0.658591	0.646089	val_dice	0.646089	0.00000000	0.00000000	0.00004178
saved	188	full	0.649003	0.630619	0.658591	0.646089
train	189	full	0.658669	0.591984	0.679360	0.606962	val_dice	0.606962	0.00000000	0.00000000	0.00004145
train	190	full	0.637202	0.577090	0.649905	0.523632	val_dice	0.523632	0.00000000	0.00000000	0.00004111
train	191	full	0.647054	0.661875	0.660513	0.588851	val_dice	0.588851	0.00000000	0.00000000	0.00004078
train	192	full	0.595221	0.713145	0.561884	0.609721	val_dice	0.609721	0.00000000	0.00000000	0.00004045
train	193	full	0.360121	0.731349	0.480781	0.584766	val_dice	0.584766	0.00000000	0.00000000	0.00004011
train	194	full	0.308587	0.745381	0.448633	0.612940	val_dice	0.612940	0.00000000	0.00000000	0.00003978
train	195	full	0.301072	0.737888	0.456071	0.595690	val_dice	0.595690	0.00000000	0.00000000	0.00003944
train	196	full	0.287266	0.740802	0.485505	0.596319	val_dice	0.596319	0.00000000	0.00000000	0.00003911
train	197	full	0.269825	0.756826	0.413364	0.619902	val_dice	0.619902	0.00000000	0.00000000	0.00003877
train	198	full	0.260402	0.765494	0.425176	0.606275	val_dice	0.606275	0.00000000	0.00000000	0.00003844
train	199	full	0.282499	0.743936	0.397827	0.623698	val_dice	0.623698	0.00000000	0.00000000	0.00003810
train	200	full	0.271009	0.760918	0.380665	0.628970	val_dice	0.628970	0.00000000	0.00000000	0.00003777
train	201	full	0.272750	0.750636	0.376399	0.671973	val_dice	0.671973	0.00000000	0.00000000	0.00003743
saved	201	full	0.272750	0.750636	0.376399	0.671973
train	202	full	0.277734	0.753673	0.382252	0.646317	val_dice	0.646317	0.00000000	0.00000000	0.00003709
train	203	full	0.264382	0.765814	0.369432	0.639593	val_dice	0.639593	0.00000000	0.00000000	0.00003675
train	204	full	0.282028	0.750244	0.365133	0.658021	val_dice	0.658021	0.00000000	0.00000000	0.00003642
train	205	full	0.270807	0.760516	0.349209	0.677934	val_dice	0.677934	0.00000000	0.00000000	0.00003608
saved	205	full	0.270807	0.760516	0.349209	0.677934
train	206	full	0.270418	0.760224	0.358069	0.647576	val_dice	0.647576	0.00000000	0.00000000	0.00003574
train	207	full	0.241573	0.776558	0.391615	0.654877	val_dice	0.654877	0.00000000	0.00000000	0.00003540
train	208	full	0.335106	0.688423	0.373781	0.653087	val_dice	0.653087	0.00000000	0.00000000	0.00003506
train	209	full	0.282773	0.747435	0.341238	0.666654	val_dice	0.666654	0.00000000	0.00000000	0.00003472
train	210	full	0.266844	0.755148	0.389750	0.632695	val_dice	0.632695	0.00000000	0.00000000	0.00003438
train	211	full	0.241459	0.781718	0.318631	0.688306	val_dice	0.688306	0.00000000	0.00000000	0.00003404
saved	211	full	0.241459	0.781718	0.318631	0.688306
train	212	full	0.246821	0.782635	0.361526	0.662985	val_dice	0.662985	0.00000000	0.00000000	0.00003370
train	213	full	0.223194	0.789111	0.371079	0.634674	val_dice	0.634674	0.00000000	0.00000000	0.00003336
train	214	full	0.258255	0.766327	0.375115	0.630973	val_dice	0.630973	0.00000000	0.00000000	0.00003302
train	215	full	0.265127	0.752879	0.360331	0.664529	val_dice	0.664529	0.00000000	0.00000000	0.00003268
train	216	full	0.245184	0.769360	0.354337	0.652406	val_dice	0.652406	0.00000000	0.00000000	0.00003234
train	217	full	0.236501	0.786226	0.354378	0.668576	val_dice	0.668576	0.00000000	0.00000000	0.00003199
train	218	full	0.251882	0.767957	0.355925	0.650301	val_dice	0.650301	0.00000000	0.00000000	0.00003165
train	219	full	0.263682	0.766308	0.409396	0.651332	val_dice	0.651332	0.00000000	0.00000000	0.00003131
train	220	full	0.236285	0.785192	0.363918	0.641077	val_dice	0.641077	0.00000000	0.00000000	0.00003096
train	221	full	0.231568	0.788996	0.346564	0.658317	val_dice	0.658317	0.00000000	0.00000000	0.00003062
train	222	full	0.238628	0.780220	0.311375	0.694201	val_dice	0.694201	0.00000000	0.00000000	0.00003027
saved	222	full	0.238628	0.780220	0.311375	0.694201
train	223	full	0.238891	0.776624	0.343338	0.679008	val_dice	0.679008	0.00000000	0.00000000	0.00002993
train	224	full	0.273707	0.751855	0.353047	0.668691	val_dice	0.668691	0.00000000	0.00000000	0.00002958
train	225	full	0.233381	0.778572	0.338251	0.695774	val_dice	0.695774	0.00000000	0.00000000	0.00002924
saved	225	full	0.233381	0.778572	0.338251	0.695774
train	226	full	0.224364	0.792754	0.339648	0.693525	val_dice	0.693525	0.00000000	0.00000000	0.00002889
train	227	full	0.259697	0.763529	0.340138	0.665612	val_dice	0.665612	0.00000000	0.00000000	0.00002854
train	228	full	0.241399	0.771154	0.357269	0.648961	val_dice	0.648961	0.00000000	0.00000000	0.00002820
train	229	full	0.232500	0.781829	0.349869	0.662095	val_dice	0.662095	0.00000000	0.00000000	0.00002785
train	230	full	0.229239	0.788457	0.338918	0.686470	val_dice	0.686470	0.00000000	0.00000000	0.00002750
train	231	full	0.226584	0.785390	0.360756	0.645498	val_dice	0.645498	0.00000000	0.00000000	0.00002715
train	232	full	0.219022	0.800378	0.340201	0.663462	val_dice	0.663462	0.00000000	0.00000000	0.00002680
train	233	full	0.207478	0.803528	0.354351	0.665762	val_dice	0.665762	0.00000000	0.00000000	0.00002645
train	234	full	0.205301	0.809407	0.329228	0.675015	val_dice	0.675015	0.00000000	0.00000000	0.00002610
train	235	full	0.232335	0.789654	0.372643	0.653339	val_dice	0.653339	0.00000000	0.00000000	0.00002575
train	236	full	0.236696	0.779903	0.367861	0.635372	val_dice	0.635372	0.00000000	0.00000000	0.00002540
train	237	full	0.232440	0.783173	0.366538	0.638311	val_dice	0.638311	0.00000000	0.00000000	0.00002505
train	238	full	0.214645	0.802075	0.364976	0.676529	val_dice	0.676529	0.00000000	0.00000000	0.00002470
train	239	full	0.227482	0.789032	0.382401	0.622493	val_dice	0.622493	0.00000000	0.00000000	0.00002434
train	240	full	0.221228	0.794569	0.372579	0.632040	val_dice	0.632040	0.00000000	0.00000000	0.00002399
train	241	full	0.214467	0.797399	0.350473	0.653639	val_dice	0.653639	0.00000000	0.00000000	0.00002363
train	242	full	0.227160	0.801346	0.352558	0.653193	val_dice	0.653193	0.00000000	0.00000000	0.00002328
train	243	full	0.200222	0.811518	0.344896	0.661286	val_dice	0.661286	0.00000000	0.00000000	0.00002292
train	244	full	0.215567	0.798114	0.323720	0.681555	val_dice	0.681555	0.00000000	0.00000000	0.00002257
train	245	full	0.221019	0.797365	0.358758	0.645538	val_dice	0.645538	0.00000000	0.00000000	0.00002221
train	246	full	0.218854	0.793072	0.347346	0.661270	val_dice	0.661270	0.00000000	0.00000000	0.00002185
train	247	full	0.221048	0.790852	0.352599	0.655123	val_dice	0.655123	0.00000000	0.00000000	0.00002150
train	248	full	0.229189	0.788919	0.374362	0.638772	val_dice	0.638772	0.00000000	0.00000000	0.00002114
train	249	full	0.226914	0.791215	0.367244	0.657274	val_dice	0.657274	0.00000000	0.00000000	0.00002078
train	250	full	0.237830	0.782089	0.347150	0.658755	val_dice	0.658755	0.00000000	0.00000000	0.00002042
train	251	full	0.229412	0.783248	0.357008	0.667471	val_dice	0.667471	0.00000000	0.00000000	0.00002006
train	252	full	0.236475	0.782776	0.359927	0.662434	val_dice	0.662434	0.00000000	0.00000000	0.00001970
train	253	full	0.215529	0.792637	0.350515	0.654975	val_dice	0.654975	0.00000000	0.00000000	0.00001933
train	254	full	0.226406	0.784186	0.363876	0.651282	val_dice	0.651282	0.00000000	0.00000000	0.00001897
train	255	full	0.235799	0.777715	0.339750	0.668156	val_dice	0.668156	0.00000000	0.00000000	0.00001861
train	256	full	0.206925	0.808223	0.355670	0.650473	val_dice	0.650473	0.00000000	0.00000000	0.00001824
train	257	full	0.205644	0.802560	0.362770	0.642349	val_dice	0.642349	0.00000000	0.00000000	0.00001788
train	258	full	0.194064	0.814507	0.388466	0.615907	val_dice	0.615907	0.00000000	0.00000000	0.00001751
train	259	full	0.195858	0.812297	0.364472	0.639961	val_dice	0.639961	0.00000000	0.00000000	0.00001714
train	260	full	0.215285	0.796519	0.364621	0.640505	val_dice	0.640505	0.00000000	0.00000000	0.00001678
train	261	full	0.193925	0.813993	0.347236	0.657830	val_dice	0.657830	0.00000000	0.00000000	0.00001641
train	262	full	0.214696	0.798767	0.342869	0.661724	val_dice	0.661724	0.00000000	0.00000000	0.00001604
train	263	full	0.201787	0.815095	0.362738	0.660394	val_dice	0.660394	0.00000000	0.00000000	0.00001567
train	264	full	0.205410	0.809225	0.351375	0.669797	val_dice	0.669797	0.00000000	0.00000000	0.00001530
train	265	full	0.199873	0.810797	0.368282	0.655174	val_dice	0.655174	0.00000000	0.00000000	0.00001492
train	266	full	0.212857	0.799716	0.341599	0.663477	val_dice	0.663477	0.00000000	0.00000000	0.00001455
train	267	full	0.204828	0.802931	0.329388	0.674873	val_dice	0.674873	0.00000000	0.00000000	0.00001418
train	268	full	0.216263	0.796002	0.318858	0.685959	val_dice	0.685959	0.00000000	0.00000000	0.00001380
train	269	full	0.208785	0.801587	0.341487	0.661203	val_dice	0.661203	0.00000000	0.00000000	0.00001342
train	270	full	0.202716	0.804450	0.380978	0.677573	val_dice	0.677573	0.00000000	0.00000000	0.00001304
train	271	full	0.200538	0.806720	0.356650	0.648838	val_dice	0.648838	0.00000000	0.00000000	0.00001267
train	272	full	0.194421	0.814155	0.330627	0.676049	val_dice	0.676049	0.00000000	0.00000000	0.00001228
train	273	full	0.218010	0.798715	0.344626	0.679148	val_dice	0.679148	0.00000000	0.00000000	0.00001190
train	274	full	0.197794	0.813715	0.343446	0.681044	val_dice	0.681044	0.00000000	0.00000000	0.00001152
train	275	full	0.204421	0.802291	0.308446	0.695562	val_dice	0.695562	0.00000000	0.00000000	0.00001113
train	276	full	0.227882	0.783565	0.311341	0.693353	val_dice	0.693353	0.00000000	0.00000000	0.00001075
train	277	full	0.223061	0.789548	0.309922	0.694873	val_dice	0.694873	0.00000000	0.00000000	0.00001036
train	278	full	0.185489	0.827440	0.321711	0.682607	val_dice	0.682607	0.00000000	0.00000000	0.00000997
train	279	full	0.209407	0.797716	0.315989	0.689618	val_dice	0.689618	0.00000000	0.00000000	0.00000958
train	280	full	0.192950	0.814259	0.323990	0.698705	val_dice	0.698705	0.00000000	0.00000000	0.00000919
saved	280	full	0.192950	0.814259	0.323990	0.698705
train	281	full	0.214083	0.799605	0.326913	0.677760	val_dice	0.677760	0.00000000	0.00000000	0.00000879
train	282	full	0.197775	0.813489	0.323516	0.680515	val_dice	0.680515	0.00000000	0.00000000	0.00000840
train	283	full	0.205294	0.801633	0.321802	0.682768	val_dice	0.682768	0.00000000	0.00000000	0.00000800
train	284	full	0.180479	0.825022	0.324367	0.680501	val_dice	0.680501	0.00000000	0.00000000	0.00000760
train	285	full	0.224632	0.792034	0.329235	0.676441	val_dice	0.676441	0.00000000	0.00000000	0.00000719
train	286	full	0.185787	0.821835	0.330218	0.674345	val_dice	0.674345	0.00000000	0.00000000	0.00000679
train	287	full	0.182128	0.825822	0.330213	0.675122	val_dice	0.675122	0.00000000	0.00000000	0.00000638
train	288	full	0.194751	0.813753	0.327754	0.677630	val_dice	0.677630	0.00000000	0.00000000	0.00000597
train	289	full	0.191874	0.817411	0.326568	0.678594	val_dice	0.678594	0.00000000	0.00000000	0.00000555
train	290	full	0.193250	0.812734	0.327582	0.677514	val_dice	0.677514	0.00000000	0.00000000	0.00000513
train	291	full	0.198661	0.808600	0.325944	0.679011	val_dice	0.679011	0.00000000	0.00000000	0.00000471
train	292	full	0.178252	0.827483	0.331962	0.672532	val_dice	0.672532	0.00000000	0.00000000	0.00000429
train	293	full	0.187937	0.821044	0.326087	0.691515	val_dice	0.691515	0.00000000	0.00000000	0.00000385
train	294	full	0.202926	0.806210	0.330288	0.684125	val_dice	0.684125	0.00000000	0.00000000	0.00000342
train	295	full	0.195779	0.813063	0.328530	0.685558	val_dice	0.685558	0.00000000	0.00000000	0.00000298
train	296	full	0.201799	0.805576	0.316871	0.688785	val_dice	0.688785	0.00000000	0.00000000	0.00000253
train	297	full	0.195953	0.816136	0.320075	0.684025	val_dice	0.684025	0.00000000	0.00000000	0.00000207
train	298	full	0.197885	0.811424	0.323146	0.682171	val_dice	0.682171	0.00000000	0.00000000	0.00000159
train	299	full	0.199680	0.809368	0.327708	0.684711	val_dice	0.684711	0.00000000	0.00000000	0.00000111
train	300	full	0.184199	0.824829	0.328614	0.688519	val_dice	0.688519	0.00000000	0.00000000	0.00000059
