0001
0004
0019
0020
0021
0024
0028
0029
0036
0038
0041
0042
0044
0045
0052
0056
0057
0062
0063
0070
0073
0080
0091
0093
0097
0101
0104
0107
0108
0109
0114
0115
0116
0125
0129
0130
0134
0144
0145
0146
0152
0157
0160
0163
0167
0169
0173
0178
0179
0194
0197
0204
0205
0209
0210
0211
0212
0213
0214
0217
0220
0222
0229
0247
0248
0249
0270
0279
0284
0290
0294
0299
0301
0302
0308
0310
0311
0315
0316
0323
0324
0331
0340
0346
0351
0354
0359
0362
0367
0379
0380
0381
0387
0390
0398
0399
0406
0408
0414
0415
0419
0420
0424
0430
0431
0435
0440
0446
0450
0452
0453
0455
0461
0467
0470
0471
0490
0491
0492
0493
0502
0512
0518
0522
0527
0533
0537
0538
0541
0546
0558
0569
0571
0573
0574
0577
0584
0585
0595
0596
0603
0604
0606
0610
0611
0625
0626
0636
0646
0654
0661
0667
0685
0686
0689
0698
0702
0705
0712
0716
0723
0724
0725
0729
0731
0734
0735
0738
0742
0744
0746
0749
0753
0759
0763
0764
0767
0770
0772
0775
0779
0780
0783
0784
0788
0805
0808
0821
0825
0833
0837
0838
0842
0846
0849
0856
0857
0861
0875
0877
0883
0885
0889
0891
0894
0895
0896
0898
0900
0901
0911
0914
0917
0919
0921
0922
0924
0934
0941
0942
0945
0951
0953
0957
0961
0971
0979
0982
0984
0994
1020
1021
1022
1023
1028
1031
1038
1050
1056
1058
1059
1066
1067
1074
1080
1084
1085
1086
1087
1090
1091
1094
1097
1099
1105
1120
1127
1129
1131
