0016
0033
0040
0059
0077
0089
0096
0099
0105
0106
0110
0118
0120
0122
0131
0139
0140
0141
0142
0147
0148
0164
0181
0189
0203
0206
0207
0225
0227
0228
0236
0237
0243
0246
0254
0258
0271
0275
0281
0296
0298
0320
0328
0333
0341
0344
0360
0361
0368
0382
0386
0394
0403
0407
0413
0416
0417
0425
0427
0429
0442
0444
0445
0457
0459
0462
0468
0475
0476
0478
0483
0485
0504
0505
0507
0508
0513
0517
0519
0523
0530
0545
0553
0561
0565
0566
0567
0588
0590
0591
0592
0605
0612
0613
0614
0615
0616
0619
0627
0629
0632
0633
0635
0637
0639
0656
0660
0664
0669
0671
0687
0692
0694
0696
0701
0703
0713
0722
0727
0730
0739
0743
0755
0762
0768
0773
0776
0781
0785
0786
0790
0791
0799
0813
0827
0831
0832
0845
0851
0855
0858
0859
0865
0873
0874
0879
0881
0887
0888
0899
0904
0905
0910
0915
0927
0928
0935
0936
0938
0978
0986
0993
0995
1003
1005
1024
1029
1030
1036
1041
1042
1044
1046
1048
1052
1060
1061
1068
1069
1071
1088
1107
1113
1117
1132
