0004
0007
0017
0019
0020
0021
0028
0029
0036
0042
0044
0049
0053
0056
0058
0061
0062
0063
0073
0080
0086
0091
0097
0104
0107
0108
0109
0114
0115
0129
0130
0144
0145
0146
0150
0152
0156
0157
0159
0160
0163
0167
0169
0173
0178
0179
0180
0182
0185
0194
0197
0199
0204
0205
0209
0210
0211
0212
0217
0220
0222
0224
0229
0234
0245
0247
0248
0256
0261
0270
0273
0277
0290
0297
0299
0301
0302
0308
0310
0311
0315
0316
0323
0324
0331
0340
0351
0354
0367
0371
0379
0381
0387
0390
0398
0399
0405
0406
0408
0414
0419
0420
0424
0430
0431
0435
0446
0450
0451
0452
0461
0467
0470
0471
0479
0490
0491
0493
0498
0502
0512
0518
0522
0527
0533
0537
0538
0540
0541
0546
0558
0569
0571
0573
0574
0577
0584
0585
0604
0606
0610
0611
0624
0625
0626
0653
0654
0662
0663
0665
0667
0681
0685
0698
0700
0702
0708
0712
0716
0718
0719
0724
0729
0731
0734
0737
0738
0740
0742
0744
0746
0749
0753
0759
0764
0772
0775
0779
0780
0783
0788
0792
0795
0801
0808
0812
0820
0824
0826
0833
0835
0837
0839
0841
0842
0846
0856
0857
0875
0877
0883
0885
0889
0891
0894
0895
0896
0900
0901
0907
0911
0914
0917
0918
0922
0924
0934
0941
0943
0945
0951
0952
0957
0961
0964
0979
0982
0984
0989
1004
1006
1021
1022
1027
1031
1033
1038
1050
1058
1059
1062
1066
1078
1080
1084
1085
1086
1087
1090
1091
1094
1097
1105
1111
1120
1127
1131
