Run log for fold 1
Device: cuda
AMP enabled: True
Staged tuning: True
Validation interval epochs: 1
Final validation: False
Best checkpoint metric: val_dice (max)
Output dir: /data/data/DA25S005/miccai_tbi/MultiTalentV2_finetuning/checkpoints/tbi_multitalentv2/fold_1
Dataset summary: total=552, lesion_positive=322, lesion_empty=230, dmri=229
Train split summary: total=441, lesion_positive=256, lesion_empty=185, dmri=183
Val split summary: total=111, lesion_positive=66, lesion_empty=45, dmri=46
Case sampling: enabled=True, target_positive_fraction=0.65, target_empty_fraction=0.35, positive_weight=nan, empty_weight=1.0, num_samples=441, replacement=True
phase	epoch	stage	train_loss	train_dice	val_loss	val_dice	monitor_metric	monitor_value	lr_head	lr_partial	lr_full
train	1	full	1.810797	0.001757	1.563295	0.004200	val_dice	0.004200	0.00000000	0.00000000	0.00001000
saved	1	full	1.810797	0.001757	1.563295	0.004200
train	2	full	1.393252	0.027954	1.265137	0.237203	val_dice	0.237203	0.00000000	0.00000000	0.00002000
saved	2	full	1.393252	0.027954	1.265137	0.237203
train	3	full	1.181546	0.200366	1.119464	0.411739	val_dice	0.411739	0.00000000	0.00000000	0.00003000
saved	3	full	1.181546	0.200366	1.119464	0.411739
train	4	full	1.080120	0.196811	1.053871	0.262798	val_dice	0.262798	0.00000000	0.00000000	0.00004000
train	5	full	1.024974	0.206968	1.024526	0.284050	val_dice	0.284050	0.00000000	0.00000000	0.00005000
train	6	full	0.989240	0.189829	0.988890	0.158683	val_dice	0.158683	0.00000000	0.00000000	0.00006000
train	7	full	0.980466	0.168449	0.984059	0.151041	val_dice	0.151041	0.00000000	0.00000000	0.00007000
train	8	full	0.943034	0.159872	0.934779	0.228120	val_dice	0.228120	0.00000000	0.00000000	0.00008000
train	9	full	0.897435	0.169107	0.885638	0.181425	val_dice	0.181425	0.00000000	0.00000000	0.00009000
train	10	full	0.831321	0.239523	0.864224	0.151188	val_dice	0.151188	0.00000000	0.00000000	0.00010000
train	11	full	0.786730	0.263185	0.822533	0.212889	val_dice	0.212889	0.00000000	0.00000000	0.00010000
train	12	full	0.735274	0.311017	0.806535	0.212749	val_dice	0.212749	0.00000000	0.00000000	0.00009953
train	13	full	0.724764	0.335899	0.806293	0.200927	val_dice	0.200927	0.00000000	0.00000000	0.00009905
train	14	full	0.683373	0.382951	0.791892	0.360654	val_dice	0.360654	0.00000000	0.00000000	0.00009858
train	15	full	0.686751	0.365843	0.774217	0.250302	val_dice	0.250302	0.00000000	0.00000000	0.00009810
train	16	full	0.669320	0.415270	0.768156	0.518653	val_dice	0.518653	0.00000000	0.00000000	0.00009763
saved	16	full	0.669320	0.415270	0.768156	0.518653
train	17	full	0.668664	0.430764	0.805379	0.525459	val_dice	0.525459	0.00000000	0.00000000	0.00009715
saved	17	full	0.668664	0.430764	0.805379	0.525459
train	18	full	0.638904	0.420220	0.751757	0.387694	val_dice	0.387694	0.00000000	0.00000000	0.00009668
train	19	full	0.628713	0.444504	0.756203	0.392149	val_dice	0.392149	0.00000000	0.00000000	0.00009620
train	20	full	0.637271	0.426997	0.755162	0.411352	val_dice	0.411352	0.00000000	0.00000000	0.00009573
train	21	full	0.613949	0.469814	0.750915	0.273010	val_dice	0.273010	0.00000000	0.00000000	0.00009525
train	22	full	0.616031	0.459028	0.755821	0.501731	val_dice	0.501731	0.00000000	0.00000000	0.00009477
train	23	full	0.550920	0.543715	0.777363	0.388969	val_dice	0.388969	0.00000000	0.00000000	0.00009430
train	24	full	0.599284	0.514418	0.728692	0.475902	val_dice	0.475902	0.00000000	0.00000000	0.00009382
train	25	full	0.600117	0.462399	0.736444	0.332334	val_dice	0.332334	0.00000000	0.00000000	0.00009334
train	26	full	0.541508	0.551325	0.730529	0.401293	val_dice	0.401293	0.00000000	0.00000000	0.00009287
train	27	full	0.592643	0.485747	0.739982	0.409124	val_dice	0.409124	0.00000000	0.00000000	0.00009239
train	28	full	0.589700	0.529847	0.719719	0.366721	val_dice	0.366721	0.00000000	0.00000000	0.00009191
train	29	full	0.590818	0.508756	0.721392	0.436245	val_dice	0.436245	0.00000000	0.00000000	0.00009143
train	30	full	0.551685	0.543397	0.748923	0.516039	val_dice	0.516039	0.00000000	0.00000000	0.00009095
train	31	full	0.568647	0.541154	0.736017	0.385361	val_dice	0.385361	0.00000000	0.00000000	0.00009047
train	32	full	0.573791	0.492359	0.743017	0.467920	val_dice	0.467920	0.00000000	0.00000000	0.00009000
train	33	full	0.555908	0.551944	0.709484	0.385348	val_dice	0.385348	0.00000000	0.00000000	0.00008952
train	34	full	0.551902	0.575074	0.720545	0.419958	val_dice	0.419958	0.00000000	0.00000000	0.00008904
train	35	full	0.536174	0.570402	0.698402	0.494855	val_dice	0.494855	0.00000000	0.00000000	0.00008856
train	36	full	0.541915	0.551377	0.707671	0.529718	val_dice	0.529718	0.00000000	0.00000000	0.00008808
saved	36	full	0.541915	0.551377	0.707671	0.529718
train	37	full	0.514801	0.578466	0.745402	0.466590	val_dice	0.466590	0.00000000	0.00000000	0.00008760
train	38	full	0.532835	0.565845	0.709318	0.412593	val_dice	0.412593	0.00000000	0.00000000	0.00008711
train	39	full	0.571040	0.523436	0.720541	0.554145	val_dice	0.554145	0.00000000	0.00000000	0.00008663
saved	39	full	0.571040	0.523436	0.720541	0.554145
train	40	full	0.532972	0.599718	0.715366	0.495568	val_dice	0.495568	0.00000000	0.00000000	0.00008615
train	41	full	0.538382	0.585671	0.726521	0.547740	val_dice	0.547740	0.00000000	0.00000000	0.00008567
train	42	full	0.548156	0.564473	0.715774	0.495968	val_dice	0.495968	0.00000000	0.00000000	0.00008519
train	43	full	0.515400	0.608521	0.725605	0.486744	val_dice	0.486744	0.00000000	0.00000000	0.00008471
train	44	full	0.563240	0.561309	0.716769	0.620465	val_dice	0.620465	0.00000000	0.00000000	0.00008422
saved	44	full	0.563240	0.561309	0.716769	0.620465
train	45	full	0.535092	0.606944	0.704630	0.461156	val_dice	0.461156	0.00000000	0.00000000	0.00008374
train	46	full	0.546020	0.557092	0.723029	0.514683	val_dice	0.514683	0.00000000	0.00000000	0.00008326
train	47	full	0.550522	0.584004	0.705759	0.523252	val_dice	0.523252	0.00000000	0.00000000	0.00008277
train	48	full	0.496509	0.626379	0.704287	0.551601	val_dice	0.551601	0.00000000	0.00000000	0.00008229
train	49	full	0.522024	0.585552	0.718799	0.528674	val_dice	0.528674	0.00000000	0.00000000	0.00008181
train	50	full	0.518735	0.599145	0.721882	0.597241	val_dice	0.597241	0.00000000	0.00000000	0.00008132
train	51	full	0.503228	0.606579	0.719124	0.617230	val_dice	0.617230	0.00000000	0.00000000	0.00008084
train	52	full	0.501187	0.612536	0.708388	0.548068	val_dice	0.548068	0.00000000	0.00000000	0.00008035
train	53	full	0.516772	0.599785	0.716934	0.475505	val_dice	0.475505	0.00000000	0.00000000	0.00007987
train	54	full	0.529503	0.609250	0.716945	0.332588	val_dice	0.332588	0.00000000	0.00000000	0.00007938
train	55	full	0.531446	0.616479	0.702686	0.462240	val_dice	0.462240	0.00000000	0.00000000	0.00007889
train	56	full	0.518073	0.589173	0.714559	0.541743	val_dice	0.541743	0.00000000	0.00000000	0.00007841
train	57	full	0.510929	0.604352	0.716367	0.513571	val_dice	0.513571	0.00000000	0.00000000	0.00007792
train	58	full	0.478792	0.614925	0.700706	0.537558	val_dice	0.537558	0.00000000	0.00000000	0.00007743
train	59	full	0.493253	0.613972	0.705496	0.568283	val_dice	0.568283	0.00000000	0.00000000	0.00007695
train	60	full	0.520556	0.617118	0.695088	0.443948	val_dice	0.443948	0.00000000	0.00000000	0.00007646
train	61	full	0.499788	0.629826	0.700109	0.546502	val_dice	0.546502	0.00000000	0.00000000	0.00007597
train	62	full	0.489063	0.646970	0.702009	0.508862	val_dice	0.508862	0.00000000	0.00000000	0.00007548
train	63	full	0.509545	0.642782	0.688964	0.486381	val_dice	0.486381	0.00000000	0.00000000	0.00007499
train	64	full	0.486330	0.654459	0.723604	0.622440	val_dice	0.622440	0.00000000	0.00000000	0.00007450
saved	64	full	0.486330	0.654459	0.723604	0.622440
train	65	full	0.510169	0.629065	0.691279	0.582805	val_dice	0.582805	0.00000000	0.00000000	0.00007401
train	66	full	0.480736	0.669526	0.706401	0.557999	val_dice	0.557999	0.00000000	0.00000000	0.00007352
train	67	full	0.492036	0.622887	0.693783	0.553054	val_dice	0.553054	0.00000000	0.00000000	0.00007303
train	68	full	0.486258	0.655823	0.707357	0.566506	val_dice	0.566506	0.00000000	0.00000000	0.00007254
train	69	full	0.500876	0.655811	0.693613	0.561368	val_dice	0.561368	0.00000000	0.00000000	0.00007205
train	70	full	0.490580	0.650124	0.686524	0.478783	val_dice	0.478783	0.00000000	0.00000000	0.00007156
train	71	full	0.485775	0.618692	0.699772	0.402673	val_dice	0.402673	0.00000000	0.00000000	0.00007107
train	72	full	0.489777	0.635955	0.699719	0.510450	val_dice	0.510450	0.00000000	0.00000000	0.00007058
train	73	full	0.497734	0.664853	0.701944	0.490043	val_dice	0.490043	0.00000000	0.00000000	0.00007008
train	74	full	0.478090	0.664067	0.698349	0.485273	val_dice	0.485273	0.00000000	0.00000000	0.00006959
train	75	full	0.484705	0.664535	0.693844	0.597440	val_dice	0.597440	0.00000000	0.00000000	0.00006910
train	76	full	0.454619	0.688780	0.690537	0.573625	val_dice	0.573625	0.00000000	0.00000000	0.00006860
train	77	full	0.475622	0.674151	0.691061	0.582547	val_dice	0.582547	0.00000000	0.00000000	0.00006811
train	78	full	0.474299	0.682486	0.687471	0.577423	val_dice	0.577423	0.00000000	0.00000000	0.00006761
train	79	full	0.463291	0.665474	0.694597	0.552500	val_dice	0.552500	0.00000000	0.00000000	0.00006712
train	80	full	0.483545	0.656768	0.703252	0.551676	val_dice	0.551676	0.00000000	0.00000000	0.00006662
train	81	full	0.483649	0.658838	0.693269	0.535053	val_dice	0.535053	0.00000000	0.00000000	0.00006613
train	82	full	0.477401	0.656301	0.693804	0.607162	val_dice	0.607162	0.00000000	0.00000000	0.00006563
train	83	full	0.454009	0.692632	0.694169	0.579119	val_dice	0.579119	0.00000000	0.00000000	0.00006514
train	84	full	0.468664	0.671303	0.708215	0.537972	val_dice	0.537972	0.00000000	0.00000000	0.00006464
train	85	full	0.465566	0.683333	0.687867	0.558223	val_dice	0.558223	0.00000000	0.00000000	0.00006414
train	86	full	0.459673	0.678156	0.693805	0.534995	val_dice	0.534995	0.00000000	0.00000000	0.00006364
train	87	full	0.481951	0.670128	0.684211	0.562149	val_dice	0.562149	0.00000000	0.00000000	0.00006314
train	88	full	0.461939	0.684501	0.690387	0.547145	val_dice	0.547145	0.00000000	0.00000000	0.00006265
train	89	full	0.481395	0.676745	0.689643	0.556800	val_dice	0.556800	0.00000000	0.00000000	0.00006215
train	90	full	0.468720	0.688779	0.678719	0.585938	val_dice	0.585938	0.00000000	0.00000000	0.00006165
train	91	full	0.472951	0.691738	0.699031	0.539279	val_dice	0.539279	0.00000000	0.00000000	0.00006115
train	92	full	0.457251	0.703428	0.698407	0.575893	val_dice	0.575893	0.00000000	0.00000000	0.00006065
train	93	full	0.453505	0.694416	0.696099	0.604277	val_dice	0.604277	0.00000000	0.00000000	0.00006015
train	94	full	0.477404	0.702596	0.690084	0.520190	val_dice	0.520190	0.00000000	0.00000000	0.00005964
train	95	full	0.452151	0.695721	0.692073	0.581385	val_dice	0.581385	0.00000000	0.00000000	0.00005914
train	96	full	0.447639	0.680878	0.689058	0.557213	val_dice	0.557213	0.00000000	0.00000000	0.00005864
train	97	full	0.445969	0.714512	0.689252	0.539442	val_dice	0.539442	0.00000000	0.00000000	0.00005814
train	98	full	0.467750	0.698339	0.708596	0.573171	val_dice	0.573171	0.00000000	0.00000000	0.00005763
train	99	full	0.452887	0.680472	0.687966	0.513311	val_dice	0.513311	0.00000000	0.00000000	0.00005713
train	100	full	0.456057	0.671857	0.685098	0.542969	val_dice	0.542969	0.00000000	0.00000000	0.00005663
train	101	full	0.462420	0.713456	0.684421	0.588916	val_dice	0.588916	0.00000000	0.00000000	0.00005612
train	102	full	0.460988	0.701960	0.692324	0.589917	val_dice	0.589917	0.00000000	0.00000000	0.00005562
train	103	full	0.441904	0.715599	0.699011	0.584126	val_dice	0.584126	0.00000000	0.00000000	0.00005511
train	104	full	0.444899	0.715279	0.693949	0.552186	val_dice	0.552186	0.00000000	0.00000000	0.00005460
train	105	full	0.418198	0.720006	0.690469	0.573839	val_dice	0.573839	0.00000000	0.00000000	0.00005410
train	106	full	0.460774	0.675785	0.691715	0.563466	val_dice	0.563466	0.00000000	0.00000000	0.00005359
train	107	full	0.423121	0.696663	0.697483	0.558146	val_dice	0.558146	0.00000000	0.00000000	0.00005308
train	108	full	0.451858	0.701463	0.692561	0.562786	val_dice	0.562786	0.00000000	0.00000000	0.00005257
train	109	full	0.419041	0.699813	0.702866	0.498432	val_dice	0.498432	0.00000000	0.00000000	0.00005206
train	110	full	0.433177	0.727534	0.692058	0.536008	val_dice	0.536008	0.00000000	0.00000000	0.00005155
train	111	full	0.428087	0.750862	0.688804	0.597560	val_dice	0.597560	0.00000000	0.00000000	0.00005104
train	112	full	0.396373	0.717603	0.474931	0.663271	val_dice	0.663271	0.00000000	0.00000000	0.00005053
saved	112	full	0.396373	0.717603	0.474931	0.663271
train	113	full	0.341391	0.711668	0.477807	0.643328	val_dice	0.643328	0.00000000	0.00000000	0.00005002
train	114	full	0.277540	0.755869	0.461641	0.624118	val_dice	0.624118	0.00000000	0.00000000	0.00004951
train	115	full	0.296298	0.758195	0.475980	0.589931	val_dice	0.589931	0.00000000	0.00000000	0.00004900
train	116	full	0.301834	0.739724	0.387776	0.660195	val_dice	0.660195	0.00000000	0.00000000	0.00004848
train	117	full	0.279516	0.755495	0.364114	0.655800	val_dice	0.655800	0.00000000	0.00000000	0.00004797
train	118	full	0.265483	0.756235	0.402961	0.654845	val_dice	0.654845	0.00000000	0.00000000	0.00004746
train	119	full	0.272951	0.751299	0.423153	0.639538	val_dice	0.639538	0.00000000	0.00000000	0.00004694
train	120	full	0.249402	0.768411	0.375300	0.657622	val_dice	0.657622	0.00000000	0.00000000	0.00004643
train	121	full	0.251930	0.781366	0.381481	0.634506	val_dice	0.634506	0.00000000	0.00000000	0.00004591
train	122	full	0.247384	0.777431	0.420625	0.625037	val_dice	0.625037	0.00000000	0.00000000	0.00004539
train	123	full	0.242981	0.778188	0.403476	0.628163	val_dice	0.628163	0.00000000	0.00000000	0.00004488
train	124	full	0.253770	0.760769	0.405062	0.609153	val_dice	0.609153	0.00000000	0.00000000	0.00004436
train	125	full	0.243634	0.781764	0.417603	0.642520	val_dice	0.642520	0.00000000	0.00000000	0.00004384
train	126	full	0.268873	0.751664	0.429496	0.602581	val_dice	0.602581	0.00000000	0.00000000	0.00004332
train	127	full	0.275525	0.752187	0.389507	0.635741	val_dice	0.635741	0.00000000	0.00000000	0.00004280
train	128	full	0.235368	0.784635	0.415377	0.613704	val_dice	0.613704	0.00000000	0.00000000	0.00004228
train	129	full	0.243535	0.776051	0.422926	0.615414	val_dice	0.615414	0.00000000	0.00000000	0.00004176
train	130	full	0.243405	0.779727	0.414676	0.622949	val_dice	0.622949	0.00000000	0.00000000	0.00004123
train	131	full	0.235631	0.777663	0.362579	0.664004	val_dice	0.664004	0.00000000	0.00000000	0.00004071
saved	131	full	0.235631	0.777663	0.362579	0.664004
train	132	full	0.252931	0.764465	0.406358	0.635684	val_dice	0.635684	0.00000000	0.00000000	0.00004019
train	133	full	0.237918	0.781057	0.405097	0.625597	val_dice	0.625597	0.00000000	0.00000000	0.00003966
train	134	full	0.234217	0.782887	0.402089	0.632035	val_dice	0.632035	0.00000000	0.00000000	0.00003914
train	135	full	0.252926	0.766549	0.370223	0.654742	val_dice	0.654742	0.00000000	0.00000000	0.00003861
train	136	full	0.243164	0.775921	0.391181	0.630906	val_dice	0.630906	0.00000000	0.00000000	0.00003808
train	137	full	0.250038	0.761976	0.356629	0.656643	val_dice	0.656643	0.00000000	0.00000000	0.00003756
train	138	full	0.232595	0.782203	0.370059	0.669536	val_dice	0.669536	0.00000000	0.00000000	0.00003703
saved	138	full	0.232595	0.782203	0.370059	0.669536
train	139	full	0.244538	0.776273	0.363403	0.653895	val_dice	0.653895	0.00000000	0.00000000	0.00003650
train	140	full	0.236850	0.773738	0.376518	0.642784	val_dice	0.642784	0.00000000	0.00000000	0.00003597
train	141	full	0.232343	0.788210	0.399577	0.629993	val_dice	0.629993	0.00000000	0.00000000	0.00003544
train	142	full	0.237570	0.785894	0.386120	0.649149	val_dice	0.649149	0.00000000	0.00000000	0.00003491
train	143	full	0.230126	0.790620	0.379661	0.655182	val_dice	0.655182	0.00000000	0.00000000	0.00003437
train	144	full	0.232774	0.782305	0.392520	0.637298	val_dice	0.637298	0.00000000	0.00000000	0.00003384
train	145	full	0.205091	0.805821	0.400098	0.648365	val_dice	0.648365	0.00000000	0.00000000	0.00003330
train	146	full	0.229715	0.780798	0.404120	0.624725	val_dice	0.624725	0.00000000	0.00000000	0.00003277
train	147	full	0.242409	0.772729	0.342069	0.662837	val_dice	0.662837	0.00000000	0.00000000	0.00003223
train	148	full	0.221567	0.789725	0.402342	0.650973	val_dice	0.650973	0.00000000	0.00000000	0.00003169
train	149	full	0.225641	0.789910	0.375012	0.658704	val_dice	0.658704	0.00000000	0.00000000	0.00003115
train	150	full	0.228010	0.790046	0.412341	0.640139	val_dice	0.640139	0.00000000	0.00000000	0.00003062
train	151	full	0.225103	0.786882	0.435343	0.604564	val_dice	0.604564	0.00000000	0.00000000	0.00003007
train	152	full	0.231524	0.785869	0.402156	0.630369	val_dice	0.630369	0.00000000	0.00000000	0.00002953
train	153	full	0.227602	0.791415	0.398496	0.631703	val_dice	0.631703	0.00000000	0.00000000	0.00002899
train	154	full	0.229159	0.786820	0.428362	0.590200	val_dice	0.590200	0.00000000	0.00000000	0.00002845
train	155	full	0.233003	0.782053	0.360826	0.644317	val_dice	0.644317	0.00000000	0.00000000	0.00002790
train	156	full	0.202237	0.813085	0.388235	0.647720	val_dice	0.647720	0.00000000	0.00000000	0.00002735
train	157	full	0.225967	0.794292	0.401735	0.638586	val_dice	0.638586	0.00000000	0.00000000	0.00002681
train	158	full	0.231067	0.790166	0.378086	0.654116	val_dice	0.654116	0.00000000	0.00000000	0.00002626
train	159	full	0.212763	0.800043	0.353249	0.667717	val_dice	0.667717	0.00000000	0.00000000	0.00002571
