0001
0004
0007
0017
0019
0024
0028
0038
0041
0042
0044
0045
0049
0052
0053
0056
0057
0058
0061
0063
0070
0080
0086
0091
0093
0101
0104
0107
0109
0114
0115
0116
0125
0129
0134
0144
0146
0150
0152
0156
0159
0160
0163
0173
0178
0179
0180
0182
0185
0194
0197
0199
0205
0209
0210
0211
0213
0214
0217
0222
0224
0229
0234
0245
0247
0248
0249
0256
0261
0270
0273
0277
0279
0284
0290
0294
0297
0299
0301
0302
0311
0315
0316
0323
0324
0331
0340
0346
0354
0359
0362
0371
0379
0380
0381
0390
0398
0405
0406
0415
0419
0424
0430
0431
0435
0440
0446
0451
0453
0455
0461
0470
0471
0479
0490
0492
0493
0498
0502
0518
0522
0527
0533
0538
0540
0541
0569
0571
0573
0584
0585
0595
0596
0603
0604
0610
0611
0624
0626
0636
0646
0653
0654
0661
0662
0663
0665
0681
0685
0686
0689
0698
0700
0705
0708
0716
0718
0719
0723
0724
0725
0734
0735
0737
0740
0742
0746
0749
0753
0759
0763
0764
0767
0770
0775
0779
0780
0783
0784
0792
0795
0801
0805
0808
0812
0820
0821
0824
0825
0826
0835
0838
0839
0841
0846
0849
0856
0857
0861
0875
0883
0885
0889
0895
0896
0898
0900
0901
0907
0914
0917
0918
0919
0921
0924
0934
0941
0942
0943
0952
0953
0957
0961
0964
0971
0979
0984
0989
0994
1004
1006
1020
1021
1022
1023
1027
1028
1033
1050
1056
1058
1062
1067
1074
1078
1080
1084
1085
1086
1087
1094
1097
1099
1111
1129
1131
