0001
0004
0007
0017
0019
0020
0021
0024
0029
0036
0038
0041
0045
0049
0052
0053
0057
0058
0061
0062
0063
0070
0073
0080
0086
0093
0097
0101
0104
0107
0108
0109
0114
0115
0116
0125
0130
0134
0144
0145
0150
0152
0156
0157
0159
0167
0169
0180
0182
0185
0194
0197
0199
0204
0212
0213
0214
0220
0224
0234
0245
0248
0249
0256
0261
0273
0277
0279
0284
0294
0297
0301
0302
0308
0310
0311
0315
0316
0324
0331
0340
0346
0351
0354
0359
0362
0367
0371
0380
0381
0387
0390
0399
0405
0408
0414
0415
0419
0420
0424
0430
0431
0435
0440
0450
0451
0452
0453
0455
0461
0467
0470
0479
0491
0492
0498
0502
0512
0527
0533
0537
0540
0541
0546
0558
0573
0574
0577
0584
0595
0596
0603
0604
0606
0610
0624
0625
0636
0646
0653
0654
0661
0662
0663
0665
0667
0681
0685
0686
0689
0698
0700
0702
0705
0708
0712
0718
0719
0723
0725
0729
0731
0735
0737
0738
0740
0742
0744
0746
0753
0759
0763
0767
0770
0772
0775
0779
0783
0784
0788
0792
0795
0801
0805
0808
0812
0820
0821
0824
0825
0826
0833
0835
0837
0838
0839
0841
0842
0849
0856
0857
0861
0875
0877
0891
0894
0896
0898
0901
0907
0911
0918
0919
0921
0922
0941
0942
0943
0945
0951
0952
0953
0957
0964
0971
0982
0989
0994
1004
1006
1020
1021
1023
1027
1028
1031
1033
1038
1056
1059
1062
1066
1067
1074
1078
1084
1086
1087
1090
1091
1094
1099
1105
1111
1120
1127
1129
1131
