0016
0033
0040
0050
0059
0089
0096
0099
0105
0106
0110
0120
0122
0131
0139
0141
0142
0147
0148
0149
0153
0158
0164
0171
0181
0189
0193
0206
0219
0227
0228
0243
0246
0271
0275
0283
0296
0298
0329
0333
0341
0344
0361
0365
0382
0385
0386
0393
0394
0395
0403
0407
0413
0416
0417
0425
0427
0428
0433
0442
0444
0445
0462
0475
0476
0478
0485
0503
0504
0507
0508
0519
0523
0526
0530
0545
0557
0559
0561
0564
0565
0566
0567
0581
0582
0590
0591
0592
0605
0613
0615
0616
0619
0627
0629
0632
0633
0635
0637
0639
0640
0650
0656
0660
0669
0671
0674
0687
0694
0696
0703
0715
0727
0732
0739
0743
0750
0755
0757
0768
0776
0785
0786
0790
0791
0797
0799
0813
0817
0827
0831
0832
0843
0845
0851
0858
0859
0865
0874
0879
0880
0881
0887
0888
0890
0902
0904
0905
0906
0910
0915
0927
0928
0938
0940
0950
0977
0995
1003
1014
1024
1029
1030
1036
1040
1041
1042
1044
1048
1051
1052
1054
1060
1061
1068
1069
1071
1077
1088
1113
1117
1132
1133
